3 3
-1+i -i 2.12 91+5i
-1+3i 1.2+3.5i -3.3 1+15i
12.31 1.3-5i 12.3i -78.3i

3 3
1+2i -1.5-1.1i 2.12 91+5i
-1+3i 1.2+3.5i -3.3 1+15i
12.31 1.3-5i 12.3i -78.3i

3 4
1    -1     i    -i
0.5i -1.5i  0     0
2+3i -2+3i 2-3i -2-3i
2+i  -2+i  2-i  -2-i

3 3
1+2i -1.5-1.1i 2.12 91+5i
-1+3i 1.2+3.5i -3.3 1+15i
12.31 1.3-5i 12.3i -78.3i

4 3
1.00	1.00	2.00	9.00	7.00
0.00	1.00	3.00	1.00	2.00
0.00	2.00	6.00	3.00	9.00

3 4
1.00	1.00	2.00	9.00
0.00	1.00	3.00	1.00
0.00	0.00	6.00	0.00
0.00	0.00	0.00	0.00

3 4
0 1 2 9
0 1 3 1
1 0 6 0
2 0 2 0

3 3
1 1 2 9
2 4 -3 1
3 6 -5 0

3 3
0 1  2 9
0 4 -3 1
3 6 -5 0